2.819999999999999840e+00
3.160000000000000142e+00
3.549999999999999822e+00
3.979999999999999982e+00
4.469999999999999751e+00
5.009999999999999787e+00
5.620000000000000107e+00
6.309999999999999609e+00
7.080000000000000071e+00
7.940000000000000391e+00
8.910000000000000142e+00
1.000000000000000000e+01
1.119999999999999929e+01
1.259999999999999964e+01
1.409999999999999964e+01
1.580000000000000071e+01
1.780000000000000071e+01
2.000000000000000000e+01
2.239999999999999858e+01
2.510000000000000142e+01
2.819999999999999929e+01
3.160000000000000142e+01
3.550000000000000000e+01
3.979999999999999716e+01
4.470000000000000284e+01
5.010000000000000142e+01
5.620000000000000284e+01
6.310000000000000142e+01
7.079999999999999716e+01
7.940000000000000568e+01
8.909999999999999432e+01
1.000000000000000000e+02
1.120000000000000000e+02
1.260000000000000000e+02
1.410000000000000000e+02
1.580000000000000000e+02
1.780000000000000000e+02
2.000000000000000000e+02
2.240000000000000000e+02
2.510000000000000000e+02
2.820000000000000000e+02
3.160000000000000000e+02
3.550000000000000000e+02
3.980000000000000000e+02
4.470000000000000000e+02
5.010000000000000000e+02
5.620000000000000000e+02
6.310000000000000000e+02
7.080000000000000000e+02
7.940000000000000000e+02
8.910000000000000000e+02
1.000000000000000000e+03
